world: 4a089b90-93ea-4125-82c5-f52f7cea6a2d
world-name: world_spawn
x: 30.03145774400417
y: 116.0
z: -43.38339209577253
yaw: -91.30918884277344
pitch: 2.699923515319824
name: auction
lastowner: 7b0b0988-b799-4dae-b696-52e823b3079f
