world: 4a089b90-93ea-4125-82c5-f52f7cea6a2d
world-name: world_spawn
x: -19.87413283083259
y: 116.0
z: -31.622781133567972
yaw: 17.290748596191406
pitch: -0.900073230266571
name: blacksmith
lastowner: 7b0b0988-b799-4dae-b696-52e823b3079f
