world: 4a089b90-93ea-4125-82c5-f52f7cea6a2d
world-name: world_spawn
x: -18.609633429114155
y: 116.0
z: -87.60813420418484
yaw: 135.94583129882812
pitch: -2.4001967906951904
name: crates
lastowner: 7b0b0988-b799-4dae-b696-52e823b3079f
