world: cd4941d3-94ed-49f2-aec9-2f407dce1d72
world-name: world
x: 96.55351486823155
y: 122.0
z: 190.80330780567607
yaw: 90.9072265625
pitch: 0.30018723011016846
name: dungeon
lastowner: 7b0b0988-b799-4dae-b696-52e823b3079f
