world: 4a089b90-93ea-4125-82c5-f52f7cea6a2d
world-name: world_spawn
x: 63.66380131703592
y: 122.0
z: -33.415174417576544
yaw: -177.70693969726562
pitch: 2.5497984886169434
name: enchanter
lastowner: 7b0b0988-b799-4dae-b696-52e823b3079f
