world: 4a089b90-93ea-4125-82c5-f52f7cea6a2d
world-name: world_spawn
x: 18.565860128690787
y: 116.0
z: -96.52349213747634
yaw: 177.1916046142578
pitch: 2.549853801727295
name: exp_exchange
lastowner: 7b0b0988-b799-4dae-b696-52e823b3079f
