world: 4a089b90-93ea-4125-82c5-f52f7cea6a2d
world-name: world_spawn
x: -65.92691654699236
y: 119.0
z: -23.380543094203432
yaw: -0.5587978959083557
pitch: -1.650203824043274
name: fishing
lastowner: 7b0b0988-b799-4dae-b696-52e823b3079f
