world: cd4941d3-94ed-49f2-aec9-2f407dce1d72
world-name: world
x: 153.5194350565594
y: 115.0
z: 210.70617799010444
yaw: -0.435546875
pitch: -5.399815082550049
name: furniture_shop
lastowner: 7b0b0988-b799-4dae-b696-52e823b3079f
