world: 4a089b90-93ea-4125-82c5-f52f7cea6a2d
world-name: world_spawn
x: 41.95157137778655
y: 116.0
z: -83.69942241856674
yaw: 175.54193115234375
pitch: 4.1998701095581055
name: gem_shop
lastowner: 7b0b0988-b799-4dae-b696-52e823b3079f
