world: cd4941d3-94ed-49f2-aec9-2f407dce1d72
world-name: world
x: 203.83530193768357
y: 116.0
z: 86.69235761661236
yaw: -108.8994140625
pitch: -17.999780654907227
name: job
lastowner: 7b0b0988-b799-4dae-b696-52e823b3079f
