world: 4a089b90-93ea-4125-82c5-f52f7cea6a2d
world-name: world_spawn
x: 1.9811628062291826
y: 115.0
z: -84.69999998807907
yaw: 0.4939047694206238
pitch: -7.950202465057373
name: leaderboard
lastowner: 7b0b0988-b799-4dae-b696-52e823b3079f
