world: cd4941d3-94ed-49f2-aec9-2f407dce1d72
world-name: world
x: 155.37626794026116
y: 120.0625
z: 63.09001694362369
yaw: -4.7978515625
pitch: 0.4502083361148834
name: quest
lastowner: 7b0b0988-b799-4dae-b696-52e823b3079f
