world: 4a089b90-93ea-4125-82c5-f52f7cea6a2d
world-name: world_spawn
x: -5.3065677222175704
y: 116.0
z: -15.561769966566487
yaw: 0.6407800316810608
pitch: -7.31050968170166E-5
name: resource_world
lastowner: 7b0b0988-b799-4dae-b696-52e823b3079f
