world: 4a089b90-93ea-4125-82c5-f52f7cea6a2d
world-name: world_spawn
x: -26.937036646208686
y: 116.0
z: -58.00050314922673
yaw: 91.39405822753906
pitch: 0.7498040199279785
name: rewards
lastowner: 7b0b0988-b799-4dae-b696-52e823b3079f
