world: cd4941d3-94ed-49f2-aec9-2f407dce1d72
world-name: world
x: 149.53971782678553
y: 116.0
z: 153.2838564774082
yaw: -0.5967324376106262
pitch: -3.7500946521759033
name: soma
lastowner: 7b0b0988-b799-4dae-b696-52e823b3079f
